"X34.0.0" "X46.0.0" "X47.0.0" "X48.0.0" "X49.0.0" "X50.0.0" "X51.0.0" "X102.0.0" "X102.0.1" "X134.0.0" "X135.0.0" "X136.0.0" "X137.0.0" "X189.0.0" "X709.0.0" "X864.0.0" "X874.0.0" "X884.0.0" "X904.0.0" "X1050.0.0" "X1060.0.0" "X1070.0.0" "X1080.0.0" "X1090.0.0" "X1160.0.0" "X1269.0.0" "X1279.0.0" "X1289.0.0" "X1299.0.0" "X1309.0.0" "X1319.0.0" "X1438.0.0" "X1458.0.0" "X1488.0.0" "X1528.0.0" "X1737.0.0" "X1873.0.0" "X1883.0.0" "X2139.0.0" "X2149.0.0" "X2277.0.0" "X3062.0.0" "X3062.0.1" "X3062.0.2" "X3063.0.0" "X3063.0.1" "X3063.0.2" "X3064.0.0" "X3064.0.1" "X3064.0.2" "X3137.0.0" "X4079.0.0" "X4079.0.1" "X4080.0.0" "X4080.0.1" "X20015.0.0" "X20074.0.0" "X20075.0.0" "X21001.0.0" "X21002.0.0" "X21003.0.0" "X21022.0.0" "X23098.0.0" "X23099.0.0" "X23100.0.0" "X23101.0.0" "X23102.0.0" "X23104.0.0" "X23106.0.0" "X23107.0.0" "X23108.0.0" "X23109.0.0" "X23110.0.0" "X23111.0.0" "X23112.0.0" "X23113.0.0" "X23114.0.0" "X23115.0.0" "X23116.0.0" "X23117.0.0" "X23118.0.0" "X23119.0.0" "X23120.0.0" "X23121.0.0" "X23122.0.0" "X23123.0.0" "X23124.0.0" "X23125.0.0" "X23126.0.0" "X23127.0.0" "X23128.0.0" "X23129.0.0" "X23130.0.0" "X24003.0.0" "X24004.0.0" "X24005.0.0" "X24006.0.0" "X24007.0.0" "X24008.0.0" "X24009.0.0" "X24010.0.0" "X24011.0.0" "X24012.0.0" "X24013.0.0" "X24015.0.0" "X24016.0.0" "X24017.0.0" "X24018.0.0" "X24019.0.0" "X24020.0.0" "X24021.0.0" "X24022.0.0" "X24506.0.0" "X24507.0.0" "X24508.0.0" "X30000.0.0" "X30010.0.0" "X30020.0.0" "X30030.0.0" "X30040.0.0" "X30050.0.0" "X30060.0.0" "X30070.0.0" "X30080.0.0" "X30090.0.0" "X30100.0.0" "X30110.0.0" "X30120.0.0" "X30130.0.0" "X30140.0.0" "X30150.0.0" "X30160.0.0" "X30170.0.0" "X30180.0.0" "X30190.0.0" "X30200.0.0" "X30210.0.0" "X30220.0.0" "X30230.0.0" "PC1" "PC2" "PC3" "PC4" "PC5" "PC6" "PC7" "PC8" "PC9" "PC10" "PC11" "PC12" "PC13" "PC14" "PC15" "PC16" "PC17" "PC18" "PC19" "PC20"
"X34.0.0" 1 0.171137970802273 0.174475542401924 -0.111429448975211 -0.0194338456046404 0.112130987463072 0.118989984233977 -0.0379855771597203 0.00502515194826553 -0.114255577133493 -0.21966959952845 -0.178708567823742 -0.249586934960093 0.0689677865468011 0.334574544995282 -0.0422380911726754 0.0388116562716451 -0.0453838313512081 0.078669967876135 -0.125001243333634 -0.10693143536592 -0.146041761924967 -0.0606340759450297 0.0975477713242567 -0.0442444826278424 -0.00186314823054412 0.0307658367015498 -0.087318930521793 -0.00694840656514496 -0.0751401344232989 -0.0735271425010173 -0.0267504937403009 -0.0818006435230327 -0.0391575524824517 0.089032222830035 0.0693867899232231 0.0324639302518558 0.0296144691763115 -0.121263667672142 0.0403216076127847 0.0500874147970981 0.277260931578086 0.278484290031007 0.256130337775317 0.345803802983 0.341503138670446 0.314133370560238 0.236352868868345 0.237554956169151 0.242939937628135 -0.0266660186150833 -0.0468054318438583 -0.035038111367388 -0.31629869743025 -0.304086429147123 0.169434801411568 0.0202250793535938 -0.0350617006602534 -0.047371257368921 0.0214037488448037 -0.993179003040062 -0.993175129912269 0.0232461184261021 -0.108503825389459 -0.0579121439246797 0.0801496158181085 0.0793212464480809 -0.0461835450969738 0.0468142558193253 0.0425193979463173 0.0456074129041254 0.0411807852589458 0.0357684152865284 -0.0804903257355337 -0.0298862738223457 0.120486762035765 0.118261998381998 -0.0756244178151351 -0.0296025411045667 0.110279136142274 0.108130339048249 -0.0501923228404992 -0.0065799028742864 0.0695870627643327 0.0683762130161729 -0.0452607305875922 -0.00394970028520999 0.0575538471642192 0.0566204733035847 -0.131005857002401 -0.0853689754291082 0.0590223030096976 0.0575915882666626 0.0595962231462253 0.051120592003684 0.023998374927778 0.0532999567350268 0.0479957093333381 0.0114270499148247 -0.00474316266502412 0.0112617691319903 0.00762015373602657 0.00777082985968766 0.00495316081140226 0.00317768570931286 0.0564433823018802 0.0515973888983387 0.0521883712364701 0.0641722604359342 0.0148064576972603 0.0148097009735291 0.0148062238341914 -0.0573156410591464 -0.0413282797769214 -0.00780440764511497 -0.0209980843597205 0.0030499908360918 -0.0357077662178052 -0.0449234798924962 -0.0856409040096905 -0.0604189324321636 0.0188337443546314 -0.0690457744112841 0.0597330374123692 0.0799497230632935 0.0212169970427352 -0.0544995348537828 -0.0101119464901525 -0.0690194831011958 -0.0114212186975238 -0.00656836092026443 0.0250594774991684 -0.00139904818132918 0.0210319181007419 -0.062761020034569 -0.000864325801861924 0.00496243822374198 0.0230424879763044 -0.000227536993318408 -0.0017206064476204 -0.00140011411361874 0.00121547363897635 -0.00270742227618364 0.00266436726068535 -0.00126539363353845 0.00175602925612484 -0.000141569330140151 -0.00101308947896314 -0.000318368291131629 0.00172344561629454 -0.00140849045618843 0.000652456703816896 0.000586718578575478 -0.000329541663249681 0.000702862764771916 0.000747003292175932 0.00105351835789544 0.00303198672724511 -0.00166602179059601
"X46.0.0" 0.171137970802273 1 0.901760395656334 0.301607191404985 0.0291791628564136 0.648522888012448 0.549106468492097 -0.0960304821984184 -0.0907573912288716 -0.07461421940673 -0.133944018101456 -0.184008877463445 -0.164660793521242 -0.0465137018964844 0.124547898808994 -0.00582340426560224 0.0554091031868662 0.0481371211538818 0.145478771118721 0.102147877761618 0.101011493680863 -0.0475124971692746 0.0586076287557648 0.0873295427124866 -0.00325345066707465 -0.0119812641344706 0.0303266136442722 -0.00600566281935963 -0.0681946842678141 -0.0841409307516739 -0.0397893699602126 0.208257550097692 -0.0130629799071909 -0.0123121956312647 -0.0669323640722288 0.0572778861078211 -0.00717611670454562 -0.00303400727190162 -0.00444620820480481 0.0377161399100533 -0.00505903292682132 0.595883171329653 0.599236672984057 0.533862196098011 0.593871933595393 0.587438990770109 0.530632590138032 0.528750213256796 0.513726571912609 0.473815886700996 0.0161867110196069 0.148549273392845 0.158123436360312 0.0805463059302964 0.0929440947992386 0.590109959224119 -0.0423956864748168 0.0382534778558138 0.0513113803497748 0.399011595707528 -0.179518037850663 -0.179519420312054 0.401037710298022 -0.531745720232498 -0.182350801006621 0.701935402903621 0.70038164979396 0.0524589867093341 -0.540231726072971 -0.343542931817169 -0.33200475867063 -0.589849709022965 -0.59758341721598 -0.643272204520897 -0.400571064051951 0.658777891296006 0.662467373410118 -0.651172457520253 -0.408303896557542 0.653327289500893 0.657091349976467 -0.533204533847161 -0.170929555756823 0.704264499488006 0.705931304985876 -0.536863387457265 -0.169163070715853 0.693374952594784 0.695817934929627 -0.362102162240363 -0.00119915706931022 0.713163400491549 0.714578336571447 -0.0280163541474444 -0.0228604581819985 -0.018581921378396 -0.0258579361077463 -0.0204952253308384 0.000728511657428965 0.000130935520883188 0.000243537684509211 -0.00322595603953015 0.0027947221209166 -0.00297910386554588 -0.000959498829616056 -0.0342244713292843 -0.0322609497902979 -0.0337130331182643 -0.0533052421787247 0.00511461492775109 0.00511408750278917 0.00511478233483453 0.0336216004450518 0.0304210575572131 -0.00208016128594065 -0.0269190138469101 0.386275461049875 0.458958580368486 0.426422322749216 0.0315014198813453 0.0801264624230964 0.102105774124164 -0.076391357671348 -0.170900096824589 -0.200361209040356 -0.016067241492027 0.0908847432567611 -0.0437060273968667 0.0914048268344773 -0.0223337332533152 0.0420107446128891 -0.0472219912129101 -0.0074702451061816 -0.0654115762496307 0.12982328664013 0.00521780787987157 0.0577837822917149 -0.0361376361931656 -0.00850173187065363 -0.00150255871260464 -0.00153182195302082 0.000602037739581066 -0.00367122721286147 0.000446569451679115 -0.00399584466068038 0.000995834236601281 0.00118893256733312 -9.98757763506132e-06 -0.00266075525515085 0.0002754195030575 -0.00296042322650517 -0.00516860825885808 0.00238857751038518 0.000462285887479624 -0.000736121244156323 -0.00069481905220505 -0.00187095232976817 0.000997349464923493 -0.00162702478220965
"X47.0.0" 0.174475542401924 0.901760395656334 0.999999999999999 0.301355123436103 0.031960785197681 0.656526331076035 0.551827507437779 -0.0905456883387394 -0.0850982224997199 -0.0756658178820343 -0.132609308776932 -0.183977761545944 -0.164358859772094 -0.0472350247575433 0.125498702501653 -0.00751355980962554 0.0482515501006153 0.0412584314542933 0.138940171811902 0.0932098903949151 0.091938736595321 -0.0475822450090267 0.0593714300053327 0.0828422670996103 -0.00416460304661566 -0.0115734008555732 0.0285596342228342 -0.00767716246984221 -0.0708039244797703 -0.08316057900422 -0.0408263117552296 0.205785862744864 -0.0111568506480406 -0.015107986445886 -0.0647545134487599 0.0561043414423212 -0.0112176036103441 -0.00716926930221545 -0.000757426261904195 0.0367084382580408 -0.00707930322743795 0.597397386713697 0.60053780471711 0.536627038186021 0.596791516205244 0.590324868416797 0.5349554345418 0.529630764510671 0.515182024301579 0.477881072348859 0.0179561499534325 0.151244389803682 0.159696157917755 0.0785903719013105 0.0907841511643811 0.595758110167182 -0.0342087942397227 0.0314550928442969 0.0506220273352748 0.402376897792555 -0.18204953154036 -0.182051468486191 0.404267893642748 -0.522285802394869 -0.173685197426384 0.699172246856007 0.697639356132158 0.0517179121936217 -0.526964798508248 -0.341901136253897 -0.327357606993299 -0.589983691937998 -0.58097539660637 -0.640538918747054 -0.396331846456198 0.659648823491833 0.663280327566911 -0.647273912276403 -0.40320031748571 0.65331287108765 0.657017558389817 -0.531778883287401 -0.167817997526294 0.705879233219952 0.707459829298049 -0.526694550121984 -0.161474014222334 0.688150250853275 0.690635323075171 -0.347989262263932 0.0101470239903507 0.708105572541268 0.709579880103648 -0.027508953129791 -0.0227592876826346 -0.0164085861695877 -0.0242830721065386 -0.0176279971235331 0.00231175447877141 -0.00101957881694878 -4.24407959731629e-05 -0.00366890302200067 0.000936319277869114 -0.00226592123404518 -0.00174318401426845 -0.0282878695465712 -0.026793523521944 -0.0266376467112685 -0.0445382416293552 0.00378313090647074 0.00378235091585697 0.00378321707715097 0.0312606854193405 0.0281884341318206 -0.000861856600441007 -0.0262124421814043 0.387968397607805 0.458772179602074 0.426635831899931 0.0287005320428724 0.077186734398452 0.100932070443256 -0.0765307690536354 -0.172157042335285 -0.201250808866061 -0.015366985762685 0.0920386115976357 -0.0428771235344268 0.0901910108796695 -0.0218915849511551 0.0427328446030344 -0.044400287267355 -0.00700425890470767 -0.064163821403548 0.128666299303825 0.00423636219273678 0.0584202421506015 -0.0344501203720844 -0.00796749560144288 -0.00177001801545915 -0.00268209364653142 0.00146312722007713 -0.00273672346806525 0.00127129177921476 -0.00474688342754357 0.000660599634609163 0.00224101086180247 -0.000427442898513933 -0.00231321451559959 0.00106093958471601 -0.0030856883323289 -0.00484456220753299 0.00160269639107841 -0.000182307546015186 -0.000755256599420216 -0.00123774640457872 -0.00225119765260542 0.000443997523758594 -0.00274303029104378
"X48.0.0" -0.111429448975211 0.301607191404985 0.301355123436103 1 0.734783189537353 0.370272705200764 0.304167013250341 0.133674640871894 0.120950463792531 -0.012955965089473 0.208148847511222 0.0166382725706281 0.211718138294422 0.0814558103990772 -0.031614558781149 -0.118619506835855 -0.0151484882043295 -0.114682437469602 -0.0951582198000498 0.0494050818675756 0.0616919558227489 0.163591767212885 0.145455468619017 0.121041757228496 -0.0202871211478163 0.0331214280137029 0.0645479339264256 -0.00199765584920557 -0.0625257353716908 -0.0616580501708623 -0.0412609405760111 0.145051766563455 -0.0567026048482659 -0.0156099725574963 -0.0239241500475917 0.0102398655585313 0.025793198025011 0.0188849592315344 -0.0316775270688872 0.0222757695256335 -0.0249177275366237 0.15752481632256 0.152708592312935 0.128803646974195 0.160324243055421 0.153619329004478 0.13471550291568 0.202631755256 0.188701508635181 0.164698026072819 0.0310876772571573 0.292797049140489 0.281860632832848 0.221650666835559 0.21762861506736 0.34016088293178 0.00524088061892288 -0.00417079398822737 0.8127063753112 0.888841833169874 0.111791006332534 0.11178891554241 0.886781328133833 0.230837052386041 0.648155249155594 0.680978429300815 0.682679345021357 0.810675432405966 -0.629883100196054 -0.566186313920044 -0.56571830402144 -0.581021591154537 -0.588917277684941 -0.0299500648928526 0.377641083479931 0.709441489089432 0.707371111923564 -0.0483203570404669 0.367015362431688 0.731342759871479 0.72913312055383 0.221478069877019 0.628318657650715 0.678293344174179 0.676502912625539 0.225089910236416 0.626053577242513 0.693248724104706 0.69128686441244 0.424620989432071 0.767640405767225 0.635643566204996 0.633791465930392 0.0225951111567327 0.0284501812794237 0.0264556682603296 0.0339980544500633 0.0157499036743584 0.0146273534876219 0.0087550848436845 0.00227174201249218 0.0151606547855424 0.00724405685748024 0.0114443142011027 0.012835925635176 0.00939530568879976 0.0123846531322671 0.00560109423430289 0.0185772790208355 0.00898225164786805 0.00898156816579504 0.00898227966805616 -0.0193272711606176 -0.0224524723079826 0.0201647419525272 0.168505155279664 0.360774262902217 0.356174065283347 0.343398986262038 -0.0678578019593657 -0.0322732996079591 0.0445625219026528 0.0624001341581524 -0.0668004493761928 -0.0769619622440853 -0.00274659599186269 0.108701337444553 0.0588168191789512 0.18154609174402 0.153449873064408 0.121061797706109 0.0162501102927736 -0.0056055354275112 -0.070693380300832 0.0873808487522683 0.0219524036895093 0.0630408292336553 -0.0299678511426235 -0.0105938924436449 -0.000559590358841188 0.00156438853091584 0.00106959646185474 0.00132264480001401 -0.0027803237982128 -0.00193012699727007 -0.000314435593643934 0.00195199585678304 -0.00132905887441843 0.000402104057797527 4.23390404256861e-05 0.00022449996667174 -0.000612040138114064 -0.00108649635523764 -0.000905912015436252 0.00176531109395483 0.000846584855070701 0.000906813856947094 -0.00216867981265524 0.00042385762504232
"X49.0.0" -0.0194338456046404 0.0291791628564136 0.031960785197681 0.734783189537353 0.999999999999999 0.128226608449666 0.140849159297751 0.121485175138116 0.111324653970606 0.00325356880705273 0.164841618509145 0.0814718667128879 0.173636483956173 0.0497838002943575 -0.0144782017324843 -0.115471006583294 -0.0445770057402269 -0.120403072076607 -0.117778746556591 -0.0307601066292034 -0.0252073847616347 0.124202750454047 0.076621036743339 0.0606127398612848 -0.020815297782598 0.0272789782734626 0.0376850980592908 0.0107833859603107 -0.00490873387152441 1.0108676455481e-05 -0.0319509184344631 0.00865265850053679 -0.034507838388232 -0.022928851478312 0.0337801978012426 0.00219150101451688 0.0156359974545704 0.0057179595073351 -0.0269654435020703 0.00142198419995944 -0.0171958233227148 -0.0342012289038111 -0.0378150865256437 -0.0321053700058495 -0.0134291362741337 -0.0158174306499515 -0.00850407648852683 0.0310629920706942 0.0291722047592468 0.0273247737358116 0.00199142591901357 0.21909032920128 0.200647169829944 0.121731860704361 0.113866151153761 0.168492914522963 0.0074238339755757 -0.0098594681699295 0.860321052616057 0.78697591175888 0.0165064378646192 0.0165049019574833 0.783296182423125 0.559925417486543 0.847922593195622 0.373634504949726 0.376972375001433 0.856797870797515 -0.385325244664404 -0.458573797691271 -0.464768842115985 -0.283050242748523 -0.290440986052078 0.360526494639751 0.710273093666532 0.43230605156953 0.425877883832671 0.351121279381563 0.70663727749619 0.451305453270231 0.444717627925894 0.583791034445266 0.84974373191071 0.35227436253959 0.347888214873268 0.585610724754462 0.847774870234224 0.383683490134277 0.378768030324909 0.646658516783808 0.83587543501978 0.321413806860059 0.316480593237998 0.00762963579905547 0.0130589917031198 0.0183503006169809 0.0166290923344922 0.00222602133628075 0.00997904633535917 0.00418837613805498 0.000833929693731459 0.0164578267292339 0.00139114394210106 0.00395857032857426 0.00400400293852776 -0.00519342296904482 -0.00305841680433112 -0.00717753520280315 0.0096222280526051 0.00274212122963461 0.00274142432350916 0.00274208170473715 -0.00998781540880551 -0.0139008027530835 0.0213683471513957 0.113107356165034 0.123541115638651 0.0606566497755628 0.0654049774109626 -0.118077170154628 -0.104507316699472 -0.0128476686915384 0.0793539697778971 0.0170813587672848 0.0391449236726015 0.0349192867995147 0.0353349978084854 0.0604302954193879 0.0710298298805889 0.0961979173410413 0.0675697579413552 0.01910722319154 -0.0036391675256769 -0.0017201828657816 -0.00327989107906946 -0.00252951928522857 0.0258662642745866 -0.0086544468670776 -0.00529131067680368 -4.46229865918883e-06 0.00340006007690346 0.00263190773941888 0.00271465819143441 -0.000205346992355635 -0.00178391948287053 -0.00121840437474799 0.00114759077426304 -0.00154154556760182 0.00136698205248195 0.000410471697176028 0.000341499383934043 0.000750698728831825 0.000344268759174248 -0.00294056508476087 0.000903084078603741 -0.000291382737130357 0.00149525534473794 -0.00262124915702633 -0.000475397016351596
"X50.0.0" 0.112130987463072 0.648522888012448 0.656526331076035 0.370272705200764 0.128226608449666 0.999999999999999 0.772906090779842 -0.0994877390198351 -0.0932617607260896 -0.0451297795173345 -0.0764147142100328 -0.142990958267117 -0.112142497571266 -0.0366556264567297 0.0854748418046106 -0.0261705674740778 0.0123456191472315 0.000476617011073585 0.0882737833221263 0.0556700213851598 0.064617360673165 -0.052145439910893 0.0747221281016402 0.0535005865731496 0.00569454448594396 -0.0126444370507386 0.0245741511255421 -1.26953678832404e-05 -0.0688214505474993 -0.0699942913671313 -0.0329246203922943 0.229723445093719 0.00953826251580526 -0.0127788054913152 -0.0471602857926503 0.0548478412387899 -0.0388336493843431 -0.0355688763536612 0.0254161424616 0.0438523174062282 -0.0170100838439708 0.676902775243228 0.678911552508157 0.596689563961488 0.652548566428392 0.642406178961618 0.569828178661626 0.523160349072063 0.501828462588627 0.460941915340332 0.0764551666362879 0.0903698524965445 0.096850308913961 0.0201175140412794 0.0284850972330035 0.856910639807974 0.0540273064210217 -0.0609647609562192 -0.0116925141797424 0.53378604698838 -0.109561659496283 -0.109561883720259 0.535243647371388 -0.500305020624212 -0.0889030102999028 0.809450306673038 0.807677623577714 -0.0110981560972876 -0.452976684851493 -0.300738110431212 -0.292604885484694 -0.492778959237077 -0.491364245294817 -0.662669636359755 -0.367053225071987 0.76323454283204 0.765318752090727 -0.671414388234111 -0.37586066974433 0.757344667793948 0.759512233131835 -0.536033145020261 -0.124812253506471 0.785796898155015 0.786535999981531 -0.535214646336073 -0.121027751668971 0.774070300965039 0.775522761649574 -0.283477450058031 0.133969643494991 0.827735065595137 0.827416277170646 -0.0115140794600867 -0.0157354163941776 -0.00914763560026415 -0.0198727236828612 0.00404375383988513 -0.000753692835734443 0.00197357757816064 -0.00174377922153218 -0.00483833343846673 0.000649760654445008 0.000203550700542745 -6.76807644977966e-05 0.00808865480035456 0.00213567946542522 0.01293677093812 0.0293653250572505 0.00208650352137176 0.00208489768443545 0.00208630583579692 0.00833290015879454 0.0114509330042118 0.0276771435177554 -0.0573762120903439 0.364200226116918 0.427387068982255 0.404041536310163 0.0338998495909405 0.0686843295179736 0.0766505568133262 -0.0403535004499016 -0.222612277782224 -0.251944492442124 -0.00290534670158192 0.11056897135335 -0.0644700765196557 0.0849832846271739 -0.049126470267238 0.0463789643642159 -0.0427164945600023 -0.00528408977166336 -0.0778347169471139 0.144822513250982 0.00733801853694802 0.0756678779168702 -0.0362506308196816 -0.00413147775128277 -5.66918317329404e-05 -0.00149690815537859 0.00225949115089908 -0.00279309907081448 0.00162832914370782 -0.00340892158920625 0.000110932323504207 0.00313630595587001 -0.000501724230684234 -0.00490949323074601 -9.76124384625047e-05 -0.00094042977246836 -0.00392139659874243 0.0030875427791145 0.00018864282305008 -0.0019223873766763 -0.00186614713866437 -0.00115982034224538 -0.000318666146629941 0.0019063835606507
"X51.0.0" 0.118989984233977 0.549106468492097 0.551827507437779 0.304167013250341 0.140849159297751 0.772906090779842 1 -0.0558979323622416 -0.052524417276845 -0.0490676813305048 -0.0903136915405435 -0.118781257341357 -0.0824904757555439 -0.0442531160801434 0.0899226120243443 -0.0353350075713513 0.0108807355205782 -0.0146755667675948 0.0664534217280864 0.039761451498197 0.0456745985996532 -0.0397374433431799 0.0549020681173842 0.0577091626847915 0.00665117100839213 -0.00640879999389589 0.025973490197714 -0.00524289598855534 -0.0575275243939067 -0.0516478081715791 -0.0280512847967617 0.180273945915697 0.0046507298074691 -0.0178858729469549 -0.0237757564453502 0.044237723350476 -0.0154556111435674 -0.0133270938912568 0.0148890244813999 0.0344940141974669 -0.0125783548660063 0.553312308278967 0.553660168345231 0.48356755415505 0.536143307864055 0.52724071868357 0.464074238588742 0.429799767629552 0.413017980624544 0.377000078648919 0.0631755844048902 0.101358458904125 0.111899424719379 0.0114317986050469 0.0349099258046103 0.823098875759333 -0.0608173151283347 0.0114809638769049 0.0430077413345984 0.455930166338574 -0.143282698233838 -0.143285168970967 0.456930908862074 -0.389395924506032 -0.045951714886486 0.666042767785443 0.665086652747691 0.0431611210307327 -0.410785164935481 -0.277426116781852 -0.270044475747692 -0.450498856929705 -0.447846139871281 -0.515037633326939 -0.263071135998106 0.629084332983726 0.630567272734966 -0.521717426415861 -0.269932319472184 0.624486336367722 0.626032261118723 -0.414606496849401 -0.0664729496751042 0.653810578749588 0.654042412314078 -0.412346471063049 -0.0621043613861716 0.646015718811007 0.646780490348403 -0.222005223691616 0.123148293935695 0.678132967988033 0.678219921025584 -0.0197957672370421 -0.0113790599179684 -0.0166535153494458 -0.00709448932933726 -0.0179801174043143 -0.00339764866218694 0.000437860170058391 0.00114046490468255 0.00337895380180774 0.00303230254778298 -0.000949304157961251 0.00215030657520592 -0.0474648247588922 -0.0434646439556208 -0.045046184262858 -0.0454296796194164 0.00643006358987055 0.0064323305014631 0.00642954749490477 0.0205893324994734 0.0195720731606107 -0.0177588486212386 -0.0523448506560844 0.293771199637416 0.347697998538203 0.313741936116699 0.00562794482456204 0.060104140634205 0.104600580526117 -0.042664841954146 -0.144270964139601 -0.156684505139846 0.00923040961492384 0.0994453710575558 -0.0566060051965783 0.0564740931155743 -0.0430759330911679 0.0423700299902072 -0.0702730042873417 -0.00137404571766541 -0.0646822313491116 0.107829834048978 0.00936199796430076 0.0683250134239728 -0.0360303253607548 -0.000125661480698541 -0.00102051866028178 -0.000183835047221031 0.0018171629759996 -0.000354350834972822 0.00201434266127338 -0.00181435104388938 -0.000430376052613707 -0.00019344638157229 -7.10104871187975e-05 -0.00196503879264151 0.000442570602776875 -0.00274805274303093 -0.00314230771413438 0.00150290703874023 6.41199632318748e-05 -0.00260461305962391 -0.000809211977371607 -0.00155546736652905 0.00127824480456521 0.00156888932841657
"X102.0.0" -0.0379855771597203 -0.0960304821984184 -0.0905456883387394 0.133674640871894 0.121485175138116 -0.0994877390198351 -0.0558979323622416 1 0.927732793844348 0.0376591970733703 0.0890812905314075 0.0348498975119752 0.0995131132178253 0.0582329919847496 -0.0541254416323864 -0.0480016735731695 -0.0358943851170777 -0.0881720528264949 -0.144705639655688 -0.0259098423704453 -0.0246966047480325 0.0746578542865568 0.0322442421944763 0.015788501184433 -0.00298585153327639 0.0128437689365019 0.00822907992715595 -0.0124117087948118 -0.0177638799151835 -0.0211502223521989 -0.00935218190976659 -0.018153688179894 -0.0589305774555971 -0.0251565569972106 0.01423479556797 -0.0227238656257741 -0.00726135835289682 -0.0028251504315759 -0.0130370494245639 -0.00289374501937001 -0.00421565415746097 -0.119363749292106 -0.12167847870778 -0.111965278666396 -0.119726793397981 -0.120293030425464 -0.110751209923457 -0.104254541460556 -0.102163526440191 -0.0941171184202085 0.00161708138747521 0.272809226923952 0.222535761831022 0.117040073427312 0.101566251940116 -0.0738415577786418 -0.0228608210509454 0.0277708132058645 0.158869337148697 0.0823341588644567 0.0326872159821273 0.0326849486696732 0.0818427840474044 0.184232040089202 0.183530025006754 -0.0388646112151274 -0.0380319154900122 0.158714170507394 0.0159069759814565 -0.000500313679367813 -0.00373556091811343 0.026022087583912 0.0228588907422961 0.168752412589717 0.189195283278837 -0.0254609824129167 -0.0267764655615714 0.165297036940133 0.187794043187296 -0.0170033121727709 -0.0183865655943075 0.175870375348897 0.173570757091284 -0.0323358450646082 -0.0333321147885829 0.176883168524003 0.172298434929904 -0.0260907843636454 -0.027167900052378 0.175163693055551 0.157117878454096 -0.0519833473175413 -0.0525697232174161 0.026442186515565 0.0296093568043239 0.0163704477424835 0.0348522511386886 0.0135289875273323 0.00581970344368077 0.000141170744769433 0.0041587745115303 0.00408138128490624 -2.52510166362098e-05 0.00552101593168468 0.00654433527079419 0.00932799623290958 0.0136290852536136 0.00543785287727629 0.00461842990588303 0.00645529016187406 0.00645694217784958 0.00645499412453259 -0.0234305297679161 -0.0237275648823843 -0.0115808027651576 0.176878620499297 0.0329389689558287 0.0152474380086279 0.0140551776432122 -0.0348968218463295 -0.0266292822979403 0.00200422929553657 0.0541470044631842 0.146998264463029 0.131583443231708 -0.0597072335029644 -0.0115055522215001 0.0272770707805944 0.071284029615085 0.217866227667558 -0.00107357682674973 0.0356141978322834 0.00726769494535161 -0.129688589455846 -0.0434187377161608 0.142666042894861 -0.0672405167474349 -0.00430614900912707 0.00295763982275704 -0.000987691429175034 -0.00223733369265491 -0.00180005524732174 0.00197231697482251 -0.00161181499746699 -8.20587961976381e-06 0.00248056445193736 0.00376640138964853 -0.00122647401821534 0.00118362008250027 0.000615277773049041 -0.00045294064195768 0.00231602525919518 -0.000691916493849856 -0.00420202418653902 0.000491621196693172 -0.00142185770935793 -0.00213155436146052 -0.000708283904649133 -0.00305951700878354
"X102.0.1" 0.00502515194826553 -0.0907573912288716 -0.0850982224997199 0.120950463792531 0.111324653970606 -0.0932617607260896 -0.052524417276845 0.927732793844348 1 0.0269117549368047 0.0559415353103329 0.016068009414986 0.0678906529330094 0.0575114251389591 -0.0381110607977645 -0.0475027177805998 -0.0318087799849294 -0.0854254208259267 -0.141696602918911 -0.0272044595369051 -0.027019358071493 0.0649328394809972 0.0285091159440443 0.0188270004472019 -0.00390185806083316 0.0123119896131172 0.00920414795479877 -0.0168722876041056 -0.0189445930461065 -0.0261040419271964 -0.0130052673483494 -0.0180680121237423 -0.0604220798095699 -0.0255963113641074 0.015045538893281 -0.0202112629584743 -0.00412676938664232 -0.00156474168643247 -0.0173228537560469 -0.000423616220470487 -0.00256215478524444 -0.104491242430403 -0.106511579805093 -0.0983344325986202 -0.101843979129845 -0.102345316538984 -0.0949404926420767 -0.0938150056321167 -0.0918024233336115 -0.0843162408067867 0.00321545577606125 0.243773313398791 0.24423778610528 0.086382764302944 0.0806436486106274 -0.0666006621073572 -0.0164670095386106 0.0227223495934816 0.145936870231522 0.0751244893089404 -0.00934084825843217 -0.00933695987164882 0.0749319139074853 0.17420682739549 0.172127158077173 -0.0390590238803431 -0.0382691580622334 0.145978115020661 0.0238506428356798 0.00834082282215291 0.00581881276915243 0.0319889584855515 0.0287607287141965 0.161919463560106 0.180131562571925 -0.0246869244913665 -0.026048251531981 0.158903088790804 0.178884571002126 -0.0169696444060524 -0.0183700903175302 0.166852426621818 0.163185408992281 -0.0323349412056529 -0.0333079164198127 0.168160419665919 0.162126260797446 -0.0270615540018397 -0.0281849853450237 0.163555593297452 0.145367360955085 -0.0523382625978937 -0.0529737033179983 0.0286334330873252 0.0310771776237112 0.0172315818254621 0.0356855871019155 0.0147889765442496 0.00576699058823792 -0.000994479012480833 0.00430159496937866 0.00449402858714764 0.000590071135584835 0.00438681446737121 0.00624034809558387 0.0126847681285896 0.0163548658299814 0.00910549817216557 0.0103406623098876 0.00541385183135624 0.0054142640747093 0.00541368663506911 -0.0269918780808054 -0.0265470631985165 -0.00778776135962568 0.171765505415552 0.0408216975424188 0.0216524121557439 0.0202316893802087 -0.0389943615203826 -0.0299316967515939 0.00259197216899141 0.0436552993618692 0.148440974675191 0.132365943443025 -0.0619115729474893 -0.0150980515028331 0.0256746189381433 0.0662258050310563 0.212677754123357 -0.00178883133901949 0.0367258594992759 0.00658969056991187 -0.12741755158358 -0.0454975104768508 0.140951311970089 -0.0658098107230421 -0.00316159078361794 0.00288281559718766 -0.000615933685595352 -0.000935050101594755 -0.00157722400625395 0.00208728076858226 -0.00171359298294352 0.000608361692147396 0.00220530621537624 0.00544838234589302 -0.000856291092205022 0.000259836085319721 0.0019623055577303 -0.000404370498993916 0.000933821288058246 -0.00169973149454027 -0.00472049917937695 -0.000776201552525636 -0.00149307126253374 -0.00283805255023598 -0.00145399839166488 -0.00262698198721692
"X134.0.0" -0.114255577133493 -0.07461421940673 -0.0756658178820343 -0.012955965089473 0.00325356880705273 -0.0451297795173345 -0.0490676813305048 0.0376591970733703 0.0269117549368047 1 0.039679645075812 0.199813209906188 0.0734989776758337 -0.00086472695190271 -0.052205193613706 0.00369402738872013 -0.0138154776680471 0.00020000193175204 -0.0247785441387858 -0.000427583709617433 0.000373712647261177 0.0226083968323128 0.00899862893788307 -0.0218122372919907 0.0129536014074289 0.00262316891527023 -0.000283494265365522 0.0179514476535524 0.00712940668856144 0.0137239887034091 0.0153970477483022 -0.0203221523053754 0.0109598661341499 0.00693472639556375 0.00403257134243236 0.011004037477919 -0.00514872815697712 -0.00510182376183377 0.0106492281815737 -0.00197533948393656 -0.00773094576700571 -0.0738476830414276 -0.0731273085796606 -0.061205785599224 -0.0815515076596888 -0.0799348288063253 -0.0688833410952553 -0.0611708901745824 -0.0597178698300919 -0.0552226001256797 -0.00552966434958548 -0.00814818763054124 -0.00898979704976557 0.025314688467716 0.0195474549653341 -0.0507477585424185 0.0119864918273031 -0.0142549765146712 -0.0041233416155674 -0.0285766749319143 0.11640898675937 0.116413947568906 -0.0287417704747115 0.0524653527388295 0.0230427350568473 -0.0584881422757311 -0.0581611074378577 -0.00430953321703403 0.0406307034210006 0.0227524278571614 0.0203059506181082 0.0472884954745151 0.0480551481715964 0.0584496096530918 0.0370411385447867 -0.0591944331312615 -0.0594662205782316 0.0585545594146949 0.0377393378085978 -0.0579719853509426 -0.0581773355340911 0.0467260578689646 0.0160259847793417 -0.0594582466207892 -0.0595706537050603 0.0460972202892343 0.0154797523801926 -0.0570612406584936 -0.0572050566681792 0.0415084868461863 0.0112433427357152 -0.0566352922239456 -0.0568548915059092 -0.00430878173881399 -0.00460727073220284 0.000388249956717297 -0.00695333798009338 5.788070031093e-05 0.000819108203385185 0.00369056697349901 -0.00207263677143743 0.00109785632833005 -0.00211964067778557 0.00122560152099186 0.000143019172464717 0.0017904729486449 0.000114369383301574 0.0030534417063628 0.00629221891804492 -0.00255618840757891 -0.00255601395497825 -0.00255540734884769 0.00166338018698753 0.00046862522078418 0.00187361489476963 0.0110884351014158 -0.0553985025924038 -0.0530862984812342 -0.0488163943841025 0.0197363936697693 0.00937880453973537 -0.0128795574259982 0.0420137844088311 -0.00847075042857299 -0.0174548020287451 -0.0157367598643584 0.00119409909557776 0.0223800161716484 -0.00258967149034004 0.000664670150500297 -0.0180883781095607 0.000696421583659708 0.00264675797131195 -0.0141814723119523 0.000314614220431817 0.0160725451681809 -0.0163594004481892 -0.00225759231841943 0.000887609052592268 0.000385617061858172 -0.00327119781442188 0.00163280274898934 0.000797946437239289 0.00217752881829336 -0.000971413649227144 0.00180612894440307 -0.00467515888605173 0.00233331362307133 -0.0018305843640292 0.00303550127144032 0.000121477681699777 0.00322554919813233 -0.00170483055390759 0.00187466902130108 -0.00295451381837713 0.00107981070882489 0.000781871145779971 -0.00022790502763975 0.00265810540098791
"X135.0.0" -0.21966959952845 -0.133944018101456 -0.132609308776932 0.208148847511222 0.164841618509145 -0.0764147142100328 -0.0903136915405435 0.0890812905314075 0.0559415353103329 0.039679645075812 1 0.356083121207858 0.600974545893114 0.0866287859650649 -0.114643791413259 -0.0632569015018853 -0.0281040106734527 -0.0537041596089599 -0.101190197506795 7.91553233397502e-05 0.0028893901166664 0.118569552265278 0.0626187286568906 0.0163469235057979 -0.0189601933753187 0.0233083244643322 0.0278147388200671 0.0230327614554346 -0.00766512834376743 0.015295110442223 0.0158161622902237 0.010127445779018 0.000595953902322528 0.0321861048343088 0.0290506278153563 -0.00544997772901638 0.0237652258653074 0.0231771124487978 -0.010982040506492 0.00541000790949392 -0.0045311852434747 -0.161295124215015 -0.163459008708908 -0.141736441697048 -0.185378698255384 -0.183400608026755 -0.153560730236734 -0.112509685931004 -0.108167984691022 -0.0912346324299118 -0.0289551683396633 0.0352008844122669 0.0410304434385274 0.0958485795863031 0.0853447158299809 -0.0817890506163689 -0.0152650185224637 0.00832097809937258 0.215531619259206 0.139743275367511 0.224346963690842 0.224344043544291 0.136899577211469 0.183167956770081 0.213138838281486 0.012268720761467 0.0129594118617605 0.21303119262029 -0.0576697473161092 -0.0846338370883099 -0.0888881385354134 -0.0304626103826036 -0.031176012318994 0.132635280448516 0.183053479790571 0.0277077628497551 0.0268980675614532 0.127945270764211 0.181063845574686 0.0361970032317853 0.0352701720383581 0.175461437606265 0.200911278577812 0.0117941000462987 0.0113341337307429 0.175788071634897 0.199243755381077 0.0197226455306657 0.0188838293707374 0.201633062944674 0.209189647250706 -0.00184293503662767 -0.00237184721925529 0.0177141706947046 0.0224219214895685 0.0133117737959931 0.0266895109069612 0.00729987356173067 0.00339720414910959 0.00277599546897744 0.000437306143645959 -0.00247268479362921 0.00372767964798949 0.00487381808153461 0.00982875160146432 0.0183457546895507 0.0196347598245249 0.01808936873425 0.0114472107059175 0.00222310928123506 0.00221948676935639 0.00222318442442279 -0.0117079583432336 -0.0124894114179871 0.00371634063492978 0.112219205873978 -0.0184779903766051 -0.0255902872695053 -0.0141963249099149 0.0121288424333585 -0.0066355287139521 -0.0317270294104797 0.0926718168195886 0.01392380450136 0.00928620708768837 -0.00611140309677611 0.0187814878200347 0.0255181287973564 0.0748683339705261 0.119951954163841 0.0752312006433968 0.0297414784950951 -0.00342009562558384 -0.0672328840577521 0.00592654705849468 0.0489801421050591 0.0368614609945131 -0.00170251767022477 -0.00566708789886911 0.00280746252644876 0.000881954514699773 0.00159103283643626 0.00129238347717651 -0.001475945410713 0.000422492969529013 -0.00456946697048823 -0.00290312396900017 0.000795977623828486 0.000691429118020596 -0.00295646560170055 0.00203235480463653 0.0014558249225316 0.00106046343558853 -0.00114279157340233 -0.00215158150732807 -0.00155950389371704 -9.63461790794065e-05 0.00250903232879234 0.00323545364967965
"X136.0.0" -0.178708567823742 -0.184008877463445 -0.183977761545944 0.0166382725706281 0.0814718667128879 -0.142990958267117 -0.118781257341357 0.0348498975119752 0.016068009414986 0.199813209906188 0.356083121207858 0.999999999999999 0.268852944570597 -0.00570332408096876 -0.0668835193489594 -0.0222824223609476 -0.0168982872311863 -0.00925619888077829 -0.0525120432578019 -0.00600594110283099 -0.0135821099072857 0.0491230442856975 0.0113481465403829 -0.0245970095468492 -0.0229632551716917 0.0111098988678705 0.00358145873490688 0.0384344724894838 0.028088359700464 0.0365462151566985 0.0221514186266969 -0.0677868938730781 0.0127892166015944 0.0182829639968815 0.0394114265393686 -0.00495996682871894 0.00607380146255327 0.00609927203410232 0.00227102266825619 -0.00610096383187976 0.00410402448256366 -0.17530985847091 -0.174566600648536 -0.146669312769597 -0.183577409503082 -0.179729637537985 -0.148947335426931 -0.128139399148694 -0.121249354276504 -0.100678741296198 -0.0325943580043896 -0.0260739159764356 -0.0190329479098578 0.0137395594846158 0.00889392425382401 -0.138495121937676 -0.0292414439943713 -0.031017821531478 0.0844713899082676 -0.00816001198753867 0.177988517353599 0.177983861069225 -0.00942488817447785 0.196522934466881 0.138742890647526 -0.127603514897708 -0.12654035160504 0.0832946322208837 0.0701254449391686 0.0206477526533897 0.0159844948876439 0.0918288304257917 0.0937255849029861 0.206541527987063 0.179211880254043 -0.120675122780042 -0.122199192151689 0.207603589323971 0.18134103184114 -0.117297674438301 -0.118798992603642 0.194087960393406 0.130699981665113 -0.128135946939887 -0.129194419393386 0.194312004629883 0.129628856897774 -0.118805856485096 -0.120259733470727 0.16124120781342 0.092240245219798 -0.130735631634953 -0.131634971143484 -0.025875136634661 -0.0182372247461494 -0.0031783928624229 -0.0155103030312701 -0.0207280245016242 0.00280399652036858 0.00457032397273551 -0.00340419075915893 0.00339250769435303 0.000466840759211125 -0.00352926952842389 0.000238336659221466 -0.0210851192396502 -0.0218888790078351 -0.0138702738473379 -0.00357897896693024 -0.00320925520958142 -0.00320658184123538 -0.00320933524436069 0.0234507804450997 0.0166841981504616 -0.0218813778025583 0.0253226596636199 -0.0914493838825186 -0.106685658312515 -0.0976765817985283 -0.000794935590374694 -0.0151408550443333 -0.0267470846320009 0.0492320667688946 0.0382400925906124 0.0412285425518516 -0.00209142608725707 -0.00908333323430439 0.0175425166909285 -0.00687207050492046 0.0236710994817757 -0.00036893838642134 0.00662433444898929 -0.000912698298246534 0.00996702172243354 -0.0288585050959016 0.00302619319109496 -0.0111171286901624 3.33920668927929e-05 -0.00119382861777528 0.00231189962289678 0.0023627106024516 0.000284128219495587 0.00175588671761986 -0.00126181428751224 -0.00201896688505839 -0.00202167851186636 -0.00119991820271827 0.000737187990455959 -0.00239093997581267 0.000544058093200089 0.000123079666433271 -0.000750235481201365 -0.0013184602568814 0.0015312823671577 -0.00168233989674982 0.00131858544057793 0.00299220724183604 -0.00202161090049989 0.00343598653773746
